129955
143324
106250
102298
140140
31035
127030
163585
72733
97131
135536
134440
25027
107257
27321
109837
21547
145827
28560
122822
125778
109510
167044
104457
163355
139318
66227
161882
166519
166774
76982
136784
135538
104783
138085
37793
89075
98927
140500
154018
143268
21787
26703
167014
24176
23068
66267
167462
166081
146767
110206
133718
26263
166574
25621
75103
101576
58976
123017
166875
140511
137577
167645
136367
119788
29253
163848
96986
108929
88376
163443
155894
101165
97792
76203
116151
84464
17250
106642
24056
142007
25108
77937
120721
139561
135997
76925
93827
49361
100664
144334
151354
152038
26824
29536
24864
141280
161870
139157
164366
104274
121322
95820
75865
22757
24785
164113
135572
136894
140266
17021
135187
98323
133004
162538
133564
139522
72148
19576
155295
140316
144214
131978
139155
139839
17768
164484
67952
27751
139546
83655
25098
65955
164531
167825
106119
139984
135419
108171
94573
160952
141442
134123
114522
100215
148705
139405
165643
99042
163525
161512
22844
139794
130952
140747
128405
127840
135775
162432
134850
138510
155148
77508
105432
147744
156295
78411
138581
17672
139466
99535
26276
99035
90431
161855
134880
72544
101879
155342
136428
24177
141124
105323
140092
24959
163204
136153
142006
109738
165704
25168
136700
85959
74244
140558
116515
87416
73456
164101
104319
106109
74096
75851
141188
132088
157228
26301
165310
21871
22946
129676
128800
138483
154264
73732
139087
136136
109665
139556
15763
109849
115316
86713
83294
148900
139234
139198
134876
161193
152037
138209
18296
140202
24054
163632
163141
27761
159981
137336
142624
104972
77095
166925
96776
164042
104828
25378
106117
123657
150976
139467
27195
142321
27491
27933
140969
79176
167642
130286
146790
149784
120409
137609
17979
147986
165574
26848
16369
137074
110061
125762
28852
166443
140239
137392
20010
96784
129186
156711
88078
29607
147868
140974
137753
137412
135079
138259
136925
107259
135938
120382
29361
73615
19986
89691
166132
140091
141307
107779
26189
146753
136660
19935
140245
142751
145826
23966
167158
149294
68457
120494
159427
136512
135122
101791
27787
165208
127776
137315
103638
107941
73267
138454
134215
19582
27437
102857
160684
123970
164420
19030
110773
133798
135598
165816
139915
91060
74976
135061
82383
23048
24673
112607
92079
76753
17950
140064
167705
28442
17953
28307
138060
25443
133458
136266
160232
148429
77140
24674
15337
101537
20177
23559
137654
138692
102624
166606
92076
76013
158462
167928
134838
166974
150766
91727
99781
165255
50949
89507
132735
61294
144208
135418
136006
24175
89370
106919
137731
104840
135402
23007
61697
144661
112799
66514
157329
79234
136504
23310
135097
141877
136554
74217
135684
136529
106236
24152
58517
134882
145752
136115
22171
146482
19345
94935
139635
151825
136768
137547
99308
164036
165582
106510
130127
17498
141556
159135
78067
107799
140623
64720
77020
95600
159419
135969
137316
143501
149355
127469
137200
70610
72503
15966
165038
73300
20484
105565
154532
101218
82841
97910
71325
153822
94664
17517
19306
140564
82454
136514
162356
156480
80393
96995
122684
137921
144293
138817
83116
140544
26023
22824
90083
88994
166107
137467
152182
116148
17674
166304
97631
94341
153078
89679
111765